TETRAGRAPH

4-TRACK 16-STEP SEQUENCER FOR
GRID AND FADERBANK

1-4: CLOCK INPUTS



#1
A 65; B 66; C 70; D 71
$F2 7 0 1

#2
A 72; B 73; C 77; D 78
$F2 7 1 2

#3
A 79; B 80; C 84; D 85
$F2 7 2 3

#4
A 86; B 87; C 91; D 92
$F2 7 3 4

#5
P.N / - G.BTNI 1 16
P 0 % G.BTNI 16
G.GBTN.L G.GRPI 3 3; G.BTNL 15

#6
J * - G.GRPI 5 7; K / G.BTNY 2
L 67 69: G.BTN.L + I J 2
G.BTNL 15; PN K 1 - G.BTNX 12

#7
IF G.BTN.V C: BREAK
P.N I1; J ? G.BTN.V D IN FB P 2
CV I2 QT.B + J V P 1; TR.P I2
K ? G.BTN.V A RND 15 P 0
IF G.BTN.V B: K * K -1
P 2 WRP + P 2 K 1 16

#8
J + * - I1 1 16 1
K * - I1 1 2
G.GBX I1 J 0 K 1 1 0 3 5 8 2
PN - I1 1 0 1; G.BTN.L J 15
PN - I1 1 2 1

#M
J + I1 4; K * I2 2; X 11; Y 14
G.GBT J O 9 K 1 1 1 5 0
G.GBT J O 10 + K 1 1 1 1 5 0
G.GBX J O X K 1 1 0 2 6 3 1; O
O; G.GBT J O Y + K 1 1 1 1 5 0
G.GBT J O 15 K 1 1 1 5 0

#I
L 1 16: FADER.SCALE I V 1 V 3
A 1; B 1; C 1; D 1
L 0 3: PN I 1 0; M.ACT 0
O.MIN 65; O.MAX 99; O 65
L 1 4: $F1 8 I; $F2 9 I - I 1
L 0 3: G.BTN.L + 68 * I 7 15

#P
0	0	0	0
1	1	1	1
0	0	0	0
63	63	63	63

1	1	1	1
0	0	0	0
1	1	1	1
0	0	0	0
0	0	0	0
0	0	0	0
0	0	0	0
0	0	0	0
0	0	0	0
0	0	0	0
0	0	0	0
0	0	0	0
0	0	0	0
0	0	0	0
0	0	0	0
0	0	0	0
0	0	0	0
0	0	0	0
0	0	0	0
0	0	0	0
0	0	0	0
0	0	0	0
0	0	0	0
0	0	0	0
0	0	0	0
0	0	0	0
0	0	0	0
0	0	0	0
0	0	0	0
0	0	0	0
0	0	0	0
0	0	0	0
0	0	0	0
0	0	0	0
0	0	0	0
0	0	0	0
0	0	0	0
0	0	0	0
0	0	0	0
0	0	0	0
0	0	0	0
0	0	0	0
0	0	0	0
0	0	0	0
0	0	0	0
0	0	0	0
0	0	0	0
0	0	0	0
0	0	0	0
0	0	0	0
0	0	0	0
0	0	0	0
0	0	0	0
0	0	0	0
0	0	0	0
0	0	0	0
0	0	0	0
0	0	0	0
0	0	0	0
0	0	0	0
0	0	0	0
0	0	0	0
0	0	0	0
0	0	0	0

#G
0000000000000000
0000000000000000
0000000000000000
0000000000000000
0000000000000000
0000000000000000
0000000000000000
0000000000000000
0000000000000000
0000000000000000
0000000000000000
0000000000000000
0000000000000000
0000000000000000
0000000000000000
0000000000000000

0	0	0	0	0	0	0	0	0	0	0	0	0	0	0	0
0	0	0	0	0	0	0	0	0	0	0	0	0	0	0	0
0	0	0	0	0	0	0	0	0	0	0	0	0	0	0	0
0	0	0	0	0	0	0	0	0	0	0	0	0	0	0	0
