TELETURING

A PROBABILISTIC BITWISE
SEQUENCER FOR THE TELETYPE
INSPIRED BY TURING MACHINE



#1
Q.MUL 2; X NZ Q.I - Q.N 1
Q.SH; K > R PARAM
Q.I 0 ? K ! X X
J QT.B * Q.SUM VV 2
CV 1 WRAP J 0 V 4

#2
EVERY 8: CV 4 CV 3
EVERY 4: CV 3 CV 2
EVERY 2: CV 2 CV 1

#3

#4

#5

#6

#7

#8

#M
$ 1; $ 2; TR.P 1
DEL.R 2 / M 2: TR.P 2
EVERY 2: TR.P 3
EVERY 4: TR.P 4

#I
Q.N 8
M 500
PARAM.SCALE 0 101
R.MIN 1; R.MAX 100
LIVE.D 1

#P
0	0	0	0
1	1	1	1
0	0	0	0
63	63	63	63

0	1	1	1
0	0	2	2
4	4	4	0
8	0	8	0
0	16	16	0
0	0	32	0
64	0	0	0
0	128	0	0
0	0	0	0
0	0	0	0
512	0	0	0
512	0	0	0
0	0	0	0
0	0	0	0
0	0	0	0
0	0	0	0
0	0	0	0
0	0	0	0
0	0	0	0
0	0	0	0
0	0	0	0
0	0	0	0
0	0	0	0
0	0	0	0
0	0	0	0
0	0	0	0
0	0	0	0
0	0	0	0
0	0	0	0
0	0	0	0
0	0	0	0
0	0	0	0
0	0	0	0
0	0	0	0
0	0	0	0
0	0	0	0
0	0	0	0
0	0	0	0
0	0	0	0
0	0	0	0
0	0	0	0
0	0	0	0
0	0	0	0
0	0	0	0
0	0	0	0
0	0	0	0
0	0	0	0
0	0	0	0
0	0	0	0
0	0	0	0
0	0	0	0
0	0	0	0
0	0	0	0
0	0	0	0
0	0	0	0
0	0	0	0
0	0	0	0
0	0	0	0
0	0	0	0
0	0	0	0
0	0	0	0
0	0	0	0
0	0	0	0
0	0	0	0

#G
0000000000000000
0000000000000000
0000000000000000
0000000000000000
0000000000000000
0000000000000000
0000000000000000
0000000000000000
0000000000000000
0000000000000000
0000000000000000
0000000000000000
0000000000000000
0000000000000000
0000000000000000
0000000000000000

0	0	0	0	0	0	0	0	0	0	0	0	0	0	0	0
0	0	0	0	0	0	0	0	0	0	0	0	0	0	0	0
0	0	0	0	0	0	0	0	0	0	0	0	0	0	0	0
0	0	0	0	0	0	0	0	0	0	0	0	0	0	0	0
